4.166299402713775635e-01
3.648912310600280762e-01
4.440323710441589355e-01
8.099007606506347656e-02
2.998727560043334961e-01
1.364285945892333984e-01
7.409424781799316406e-01
1.325995773077011108e-01
4.207731485366821289e-01
-2.797533571720123291e-01
6.092413067817687988e-01
2.589446902275085449e-01
8.345256000757217407e-02
2.048104107379913330e-01
-2.086028307676315308e-01
1.723217964172363281e-01
2.381834089756011963e-01
2.089375704526901245e-01
1.219382286071777344e-01
3.360871374607086182e-01
1.069068759679794312e-01
5.996405482292175293e-01
1.212825253605842590e-01
-1.263524740934371948e-01
8.748207092285156250e-01
4.311188459396362305e-01
1.468399614095687866e-01
1.945083439350128174e-01
5.366487056016921997e-02
-8.520486950874328613e-02
-2.564440369606018066e-01
3.082939982414245605e-01
